Some((
    red: 0.905132,
    green: 0.90508246,
    blue: 0.90805477,
))